ES1,SW1
40	60	250	7
60	80	250	6
80	100	250	4
100	120	250	2

ES2,SW1
70	90	250	7
85	105	250	5
40	60	250	3
95	115	350	2
55	75	250	1

ES3,SW1
60	80	250	7
80	100	250	6
100	120	250	2
40	60	250	1

SW1,ES1
90	110	250	7

SW1,SW2
70	90	250	7
115	135	250	6
130	150	250	5
145	165	250	4
85	105	250	3
155	175	350	2
100	120	250	1

SW1,ES3
110	130	250	7
90	110	250	1

SW1,ES2
90	110	250	6
110	130	250	2

SW2,ES4
100	120	250	7

SW2,ES5
160	180	250	6
200	220	250	4
120	140	250	3

SW2,ES6
170	190	250	5
180	200	350	2
140	160	250	1
#